-0.017554695
0.04636852
0.0047342796
0.018072726
7.0007016e-05
0.024152543
0.024179922
0.035714336
0.01398168
0.018393243
0.020299882
0.028505959
0.017110482
-0.0058786734
0.025772363
0.012340825
0.021643348
0.019938372
0.040097933
0.011477962
0.0073724
0.015989864
0.025006212
0.02805023
0.020236457
0.018723585
-0.000495433
0.02083312
0.019919144
0.030965554
0.030677967
0.018211177
0.012676709
0.024522634
0.01863192
0.046308096
0.031176647
0.038613945
0.024039421
0.030573035
0.0095446985
0.0015482118
0.017516328
0.013198415
0.034306638
0.017322928
0.012837934
-0.009179584
0.035207953
0.013406708
0.012741359
0.013470371
0.022636134
0.013805735
0.024735965
0.015395716
0.013650363
-0.00476216
0.013132173
0.040150452
0.012603075
0.023539452
0.038307685
0.007853911
0.021793585
0.014100174
0.023755305
-0.0066442974
0.01614397
0.032294035
0.026447985
0.03504897
0.014769879
0.023289949
0.027976705
-0.003559187
-0.0048473496
0.027813777
0.019746559
0.059031542
-0.0073799556
0.021888295
0.017990341
0.023540465
0.028416557
0.025079636
0.0385598
0.02095757
0.024577884
0.015231276
0.023935316
0.026788332
0.019812211
-0.009445768
0.017778495
-0.007910312
0.021939907
0.038625423
0.034139037
0.012856581
