0.23247015
-0.2694154
-0.12856631
0.17169526
0.20795776
-0.066676304
0.37989104
0.26844755
0.36051545
0.3773295
0.20162648
-0.18462929
-0.038839996
-0.25955686
0.063678466
-0.08680965
0.019809442
0.119738884
0.109600075
0.19491406
-0.079022385
0.062596895
-0.012765709
0.0028210396
-0.22025919
0.053304583
0.07082079
-0.12596373
0.2532152
-0.37575278
-0.08135563
0.041885447
0.017042551
-0.13672455
-0.008679931
0.15777786
-0.061473276
-0.15485725
0.15073584
0.1181977
-0.11458151
-0.09784762
0.25736699
0.0055700513
-0.041395552
-0.03801865
0.18260169
0.08445169
-0.25287417
-0.16844454