25.0 7.563534 12.169347 8.552023 -4.2684155 25.0 6.8892837 9.745311 8.724926 5.6120157 25.0 -1.6756201 -0.02953279 -1.1039221 4.6641927 
25.0 -8.541906 -0.3413273 -6.1019135 4.5497622 25.0 -2.6964695 -0.8539175 -7.494673 -2.8024511 25.0 -4.664283 9.436561 -0.51764154 5.2353325 
25.0 -0.7733011 3.689202 -7.86714 -0.004561305 25.0 -1.0174532 -0.47095048 -8.762062 2.7650542 25.0 -4.3201323 3.309942 -6.132969 2.3952641 
25.0 -4.9496145 4.518168 -3.2812102 -2.3595726 25.0 -4.1316347 3.1510193 -8.395245 2.0546875 25.0 -6.7881136 2.4560726 -7.3520565 5.9438686 
25.0 -7.252576 2.5037982 -6.345896 -0.34493947 25.0 -5.2165804 -3.3562355 -9.569023 5.275864 25.0 -6.862037 -2.39876 -11.688763 5.79414 
25.0 4.895107 12.158793 9.097473 -1.7764925 25.0 -3.3223562 4.204205 -2.1574097 6.7521796 25.0 -4.329816 2.0487282 -6.893961 -0.1910497 
25.0 -2.8308554 5.039703 -3.2814372 -0.35404968 25.0 -2.42595 -1.3429998 -4.1624365 2.2331996 25.0 -7.8906665 3.2655644 -0.56234086 3.9772406 
25.0 -6.5286117 -3.0685356 -5.145067 2.8974528 25.0 -7.009338 -2.3774502 -6.9340672 2.0761302 25.0 -4.425515 -1.5788629 -5.1926346 2.591292 
25.0 -5.8913317 3.793259 -2.830143 -3.5969148 25.0 -6.268054 -0.14311254 -4.5459795 -0.3739103 25.0 -4.6066065 -1.7241677 -4.824904 -0.02021873 
25.0 -7.834102 -3.4720292 -8.273211 6.030992 25.0 -10.4186535 -7.230361 -10.165314 5.8104386 25.0 -14.3153305 -8.343513 -8.691512 9.428977 
25.0 2.2793589 7.672422 2.0165308 3.964013 25.0 -5.2372866 3.1158564 -4.230772 -0.21282923 25.0 -4.762431 2.0698485 -9.897831 -0.51978374 
25.0 -2.0764627 4.9683423 -5.9057026 -2.3713758 25.0 -5.3733053 -2.004407 -8.40704 3.216177 25.0 -3.767146 -2.929954 -9.870176 10.49608 
25.0 -9.545372 -3.1430473 -4.020571 5.102678 25.0 16.353678 17.342072 11.146792 -4.970602 25.0 12.431339 -0.8853589 -7.8860197 21.777737 
25.0 -4.3491197 4.944944 -0.27720177 11.65222 25.0 4.714457 9.015496 9.988638 -1.4651405 25.0 -0.7686871 6.7958674 2.8574195 3.535705 
25.0 -3.6125345 -4.9642973 -12.1043215 6.8051906 25.0 -2.554231 -1.0373558 -10.503561 2.4160323 25.0 8.964542 6.7763247 -4.8536816 4.3843327 
------------------------------------------------------------------------------------------------------
25.0 -3.453168 7.1254973 -5.453169 5.604733 25.0 -4.8522234 -0.8925376 -9.964006 4.274534 25.0 -4.275134 -0.38383865 -7.186718 -1.6557088 
25.0 -4.6509047 4.006454 -5.4747334 -0.40348995 25.0 -6.8585677 -1.8621386 -8.359804 10.366064 25.0 2.981669 -1.5596238 -9.026242 11.181206 
25.0 6.1722064 6.398268 -0.93085337 -3.8092165 25.0 11.618822 24.30209 24.434723 10.315442 25.0 -2.0612383 -8.172654 -10.359776 10.295528 
25.0 -2.9231675 3.4303432 -4.2238555 11.832699 25.0 -6.1912637 -0.5782312 4.7382884 12.302522 25.0 -2.2398999 7.319498 10.898443 -3.1774058 
25.0 -3.7019281 -3.3567142 -2.5374262 -8.814241 25.0 -1.352317 -0.15180671 -10.86996 -1.4691156 25.0 4.9536314 6.590998 -4.215374 5.6592593 
25.0 -5.6053305 -1.0608128 -12.028337 -2.4871023 25.0 -6.03444 2.918121 -11.140059 -1.5414218 25.0 -4.07672 3.3539302 -9.18866 3.122492 
25.0 -2.8218985 4.987957 -2.7966847 5.063244 25.0 -0.66798115 9.900419 -12.52521 16.28762 25.0 13.751511 17.082777 -2.2590454 -6.032107 
25.0 9.026069 12.9981165 4.3239937 3.734105 25.0 -3.3022003 10.072517 -0.05528009 19.72368 25.0 4.5739813 11.79711 -7.860377 -5.0117245 
25.0 12.3672 15.722362 -2.6694674 -15.222107 25.0 13.588153 3.857354 -16.227207 15.577463 25.0 -2.6967404 11.56113 9.169143 18.83101 
25.0 -6.083867 -0.9532622 -1.9629014 -2.4235334 25.0 -5.5691233 -0.50952315 -7.8554935 -3.1292396 25.0 -5.866683 2.9767263 -7.8018837 -1.148825 
25.0 -6.8582125 -1.3489038 -11.9544325 2.7680242 25.0 -4.6719275 -0.07536352 -11.84909 8.659968 25.0 -10.942873 -2.5142775 -11.216188 12.373472 
25.0 -7.608314 2.0613997 -1.7082176 3.8476496 25.0 11.994832 20.68713 17.612387 -19.827559 25.0 11.437658 18.984715 -4.0196524 6.2903614 
25.0 9.825967 19.101778 8.161896 2.9134853 25.0 9.618936 15.212291 -12.01627 2.1573308 25.0 7.477353 14.192454 -12.44972 3.3310814 
25.0 -3.9776998 13.582625 -4.580472 7.6997075 25.0 2.303798 -0.40701282 -16.510643 -2.1505384 25.0 11.718486 7.5453897 -3.4008381 13.52895 
25.0 -5.626172 5.6622977 -1.9042122 6.147415 25.0 -7.071801 -0.2752384 -8.127155 -2.4737518 25.0 -5.7254496 2.3421986 -8.864025 -2.928655 
------------------------------------------------------------------------------------------------------
25.0 -7.424321 -2.0382195 -11.557086 -2.8820915 25.0 -8.556176 -4.2175922 -13.205012 9.936734 25.0 3.968993 2.5759633 -1.3909795 -1.1447891 
25.0 2.3018718 22.368097 9.837609 6.3602567 25.0 11.624384 22.780653 17.966595 25.0 25.0 -10.897103 12.3293085 -2.856752 10.479939 
25.0 -1.0184898 15.698064 10.584915 2.0579228 25.0 -0.19081473 7.154859 -11.147677 -1.4361734 25.0 -4.4705353 6.6376166 -20.146082 -1.0284148 
25.0 -2.0758708 9.800544 -14.405481 -0.3440497 25.0 9.503086 8.818832 -12.7964115 -12.696778 25.0 11.73481 7.137589 -22.54949 20.305286 
25.0 -8.242671 3.6984289 -11.139634 22.4744 25.0 -5.4372377 -0.53620887 -7.662676 -0.60712993 25.0 -6.059848 -0.74451756 -9.332703 -2.7131271 
25.0 -6.8615713 -0.30943906 -7.895846 -1.500984 25.0 -4.840001 -5.505599 -13.284572 2.0033462 25.0 6.88974 11.565895 5.050255 -1.0134 
25.0 16.392069 25.0 22.516108 -14.953701 25.0 9.836301 6.0469804 9.47122 25.0 25.0 8.373988 16.500124 4.170428 -6.362109 
25.0 -6.0083356 16.631342 6.128651 7.814904 25.0 -5.648018 2.216673 -2.308888 7.3888626 25.0 -17.330906 -4.037351 -21.065128 2.8149426 
25.0 -16.48581 -11.327903 -20.989933 17.957424 25.0 -9.367958 11.042342 13.23337 4.364798 25.0 -11.995071 -10.898269 -13.1023445 2.0963266 
25.0 -4.141244 4.7207017 -16.67598 -0.10603702 25.0 -1.6675557 3.61499 -10.673207 -0.08580959 25.0 -4.9708834 -1.3414991 -12.2619 4.2397175 
25.0 -6.505397 2.9565108 -4.51457 2.9973886 25.0 -2.0573626 -1.6117145 -8.168003 -5.5467396 25.0 9.316768 25.0 16.674814 4.347129 
25.0 19.310417 25.0 23.397123 20.934889 25.0 -17.183884 3.5539906 -34.335026 24.751608 25.0 9.855808 18.22415 9.625477 -3.512891 
25.0 -14.2957735 -5.3810067 -13.539688 23.76699 25.0 -20.84398 -9.070293 -14.300803 7.861932 25.0 -6.7681894 -4.5576057 -15.293914 -0.67376554 
25.0 4.122581 9.031837 10.230064 -2.732936 25.0 3.5805168 19.499464 4.153345 9.070515 25.0 -7.839001 -1.5459669 -9.7532215 6.7767363 
25.0 -14.60333 -3.3515377 -16.3508 11.812417 25.0 -10.302131 -6.305321 -8.266706 3.608347 25.0 -4.236167 5.5029507 5.714639 -4.0335965 
------------------------------------------------------------------------------------------------------
25.0 -4.9341345 -0.23271573 -6.9325104 -1.9205154 25.0 -5.4425592 8.320248 -1.2455947 -2.3928392 25.0 14.976608 25.0 17.59698 11.420693 
25.0 -18.701035 -1.2421103 3.987383 22.73547 25.0 -2.8732727 -10.548152 -31.705389 -1.6150991 25.0 -10.967267 11.632766 4.6882715 9.491199 
25.0 -2.7634745 2.6948433 -24.90433 4.767513 25.0 -1.6667526 8.035138 -4.9127965 -3.275678 25.0 4.5959425 -2.0812595 -10.134746 8.159315 
25.0 -5.649253 9.679337 12.409782 14.694038 25.0 -13.701074 4.8791184 13.027287 12.102113 25.0 -14.050149 -9.26025 -13.440328 -3.3846054 
25.0 -4.9403086 4.218903 -18.493086 3.4912696 25.0 3.3283873 5.5266633 -5.56934 -4.2734203 25.0 2.147769 18.808973 6.6080155 6.215257 
25.0 -4.448825 3.2766788 -6.1962223 -2.2149215 25.0 -3.0948303 8.486724 -0.8393618 5.365629 25.0 -9.485929 4.0825286 2.190251 23.945673 
25.0 -4.7337694 8.840377 5.489034 2.5659978 25.0 2.9019961 5.2962737 -5.106399 -14.634776 25.0 -2.0222783 7.068195 -10.579099 8.758828 
25.0 -3.4443254 -4.15996 -24.805834 5.8600693 25.0 -8.090947 3.5464923 -6.8656697 2.869724 25.0 -2.866086 2.411578 -6.7641416 -7.8983417 
25.0 -3.723813 2.0776951 -8.894247 10.859984 25.0 -11.938474 2.7721703 -6.016426 12.865729 25.0 -10.41414 -1.7170609 -3.916508 3.176484 
25.0 5.248126 5.400615 -0.47420764 -9.882535 25.0 -5.575629 3.2164338 -7.6403046 6.4546957 25.0 -0.56610334 16.024326 8.796093 -10.034082 
25.0 -7.526805 3.436334 -4.9704556 5.0234942 25.0 -5.4002695 -0.4067459 -5.2346654 -0.6349176 25.0 -1.7094314 2.745796 -6.693623 -6.99567 
25.0 -7.2843657 7.3634534 -3.1779737 3.754108 25.0 -8.258107 11.73871 3.4465966 13.302066 25.0 -3.9639246 4.0169644 8.09826 -4.7304335 
25.0 3.6841197 4.0732884 -18.65274 -0.9160863 25.0 -1.9946412 -1.3749428 -16.397713 12.504903 25.0 -6.8046503 4.035619 -3.5540278 5.993837 
25.0 -6.9373465 -3.8493156 -8.238182 7.3800817 25.0 7.6040907 9.90182 -13.027453 13.588499 25.0 13.921229 9.875757 3.9963965 4.393621 
25.0 4.0882883 5.6234927 5.4260573 10.791225 25.0 2.147985 14.9297285 -0.69195867 3.8410316 25.0 6.836099 15.300685 6.559651 24.116674 
------------------------------------------------------------------------------------------------------
25.0 -4.957425 -0.5036017 -13.406231 11.832367 25.0 -6.8833995 2.2573655 -5.911886 7.0076003 25.0 -6.811446 2.5706148 -3.5131745 -1.9502493 
25.0 -10.655694 -3.7518983 -7.2622566 5.033168 25.0 -8.1480465 -3.3409584 -12.23829 10.207274 25.0 -8.527272 4.9927177 3.2727551 5.857077 
25.0 -3.8436098 -6.0051126 -13.625379 5.809293 25.0 -4.3748255 -0.54087996 -6.3512764 -4.106385 25.0 -0.60216796 -0.9900881 -5.3469605 9.293188 
25.0 -1.9012975 5.2389894 -7.934244 2.227117 25.0 9.696647 3.9893997 -4.600117 -3.1137986 25.0 -4.151664 3.9944575 -6.802483 10.001431 
25.0 -5.5610113 3.1316383 -10.610511 10.418802 25.0 6.640283 18.556019 9.537212 -3.5641236 25.0 -1.7157674 -3.595573 -2.0685666 25.0 
25.0 -0.61517406 -0.87047195 -17.07584 -6.6321883 25.0 -0.7583988 2.4708734 -17.153229 7.919449 25.0 -4.365861 5.9656215 -5.02904 5.438806 
25.0 -5.679887 -0.9104626 -9.656668 2.1995897 25.0 -5.105994 3.6507094 -9.579515 -1.1166921 25.0 -2.6721315 3.2111523 -4.101153 3.5343518 
25.0 -5.334527 -1.8679307 -12.501317 -3.3763342 25.0 -4.2463713 4.494476 -5.6165314 -0.5123799 25.0 -4.834939 3.7942617 -2.0119328 -1.6128635 
25.0 -4.804738 -1.0160934 -10.192643 9.596052 25.0 -8.927266 2.8724473 -4.538431 9.259246 25.0 -6.8183756 -0.9284816 -2.9201417 -6.4925494 
25.0 -6.0085936 -5.249761 -13.776596 16.248095 25.0 -10.222154 16.944221 16.369673 2.5566301 25.0 -13.079088 -1.9973947 -35.885185 25.0 
25.0 -5.7538533 4.157782 -8.724534 -5.12922 25.0 -2.574635 6.010459 -9.239949 -11.834206 25.0 2.1236112 4.3312497 -15.967768 6.2179403 
25.0 2.5293708 4.4435554 -17.26175 6.460082 25.0 -0.99507403 7.2148485 -8.33395 4.76925 25.0 -0.42554355 6.1239743 -9.101671 2.3958066 
25.0 2.019746 6.052796 -11.243375 -1.8052657 25.0 -0.23337436 6.2166214 -7.325348 2.6167736 25.0 -6.380046 2.6232073 -6.9466934 5.3240447 
25.0 -5.0175333 2.1037652 -9.311176 -3.0898106 25.0 -2.415639 -0.9651897 -10.432064 6.254626 25.0 -4.5250826 5.3344846 -2.3002682 2.8860981 
25.0 9.2886 6.7172074 -19.739101 8.975742 25.0 14.912198 25.0 25.0 -5.08084 25.0 12.520179 -0.119964 -28.117826 6.3467507 
------------------------------------------------------------------------------------------------------
