61
45
48
56
78
96
113
117
123
125
108
104
120
118
111
103
112
111
101
116
116
109
110
113
126
137
142
135
135
137
130
129
18
0
10
32
58
89
95
93
94
86
77
73
76
81
77
80
87
78
75
95
97
90
96
90
86
97
99
101
103
94
90
94
24
8
31
56
79
98
99
89
84
84
85
80
78
97
93
99
96
92
85
91
100
101
108
96
95
96
99
112
100
90
91
80
26
23
60
71
79
82
80
71
75
90
96
81
83
112
98
92
84
84
95
89
99
105
105
99
92
98
98
100
97
94
91
68
36
37
72
88
86
85
86
82
78
94
96
75
77
90
86
75
70
80
87
87
100
111
101
107
100
92
87
86
73
62
52
47
52
59
80
91
97
93
92
85
77
89
88
72
77
82
79
70
67
69
62
64
75
74
62
87
107
105
88
75
60
44
16
17
74
81
91
92
97
92
83
83
92
102
87
86
77
54
47
48
62
67
43
40
42
56
104
85
101
115
95
76
66
70
66
50
88
84
97
105
97
90
99
98
95
97
98
77
46
31
26
41
122
146
87
46
43
59
89
72
94
112
103
83
75
72
98
79
107
91
98
94
88
89
93
93
87
104
100
49
32
33
32
50
129
136
109
69
50
50
47
45
75
103
104
97
95
89
93
102
126
120
123
108
95
93
93
97
103
104
65
40
39
46
56
64
90
86
95
86
69
64
56
47
70
100
100
100
100
100
94
100
128
124
124
115
105
107
109
107
116
95
48
62
55
65
101
96
101
87
94
96
104
140
106
69
74
98
95
99
104
102
94
101
120
116
115
103
98
101
90
79
107
91
70
96
89
125
126
110
124
107
133
121
159
174
153
87
72
104
103
100
103
98
95
100
119
112
111
112
117
96
61
66
84
66
89
158
130
156
176
154
170
170
173
151
163
155
128
93
86
96
99
100
101
99
98
99
135
125
113
110
100
65
49
57
54
67
117
182
141
161
218
195
193
191
180
179
176
171
164
144
126
104
104
97
99
107
98
105
120
116
115
113
103
54
63
76
61
91
159
154
108
169
203
228
227
219
219
200
195
211
205
210
195
125
97
101
101
103
96
99
121
108
108
108
102
45
48
59
76
152
197
104
117
166
171
235
251
249
233
218
210
197
219
242
229
133
98
101
97
96
94
95
121
104
106
109
96
45
64
78
128
205
186
102
146
165
194
229
238
233
224
218
182
136
193
241
214
141
124
125
120
114
95
86
117
97
107
112
99
71
80
111
185
241
152
130
184
202
211
220
214
188
166
161
173
155
163
218
206
134
116
113
113
120
116
103
121
83
86
96
97
90
65
159
228
243
141
143
218
219
171
162
148
123
121
129
160
195
197
223
215
130
92
89
89
90
105
126
113
90
97
99
97
102
149
227
247
216
143
130
188
172
95
104
97
119
132
103
128
184
229
228
201
122
81
81
73
69
75
119
111
89
94
93
94
108
199
233
201
176
136
113
154
150
94
110
113
137
113
98
116
152
186
174
178
128
75
84
92
96
84
116
111
85
94
90
88
123
123
146
170
161
141
124
156
159
116
104
113
117
108
108
106
106
117
111
115
115
96
102
109
111
114
158
109
90
99
97
99
118
97
104
144
144
158
169
165
137
116
106
109
113
117
115
111
111
111
109
100
101
114
114
111
106
129
179
111
97
98
107
120
114
111
112
131
132
148
181
174
182
118
104
109
101
115
119
116
107
81
66
63
92
126
120
100
98
142
170
116
91
97
108
113
117
120
126
140
154
132
174
202
178
169
150
113
90
105
120
116
81
49
55
74
111
123
107
94
117
163
132
135
96
94
97
98
102
117
127
129
146
129
118
155
127
129
137
116
99
93
96
91
90
100
112
112
112
104
94
105
160
182
110
162
134
106
88
85
97
106
113
114
109
98
91
116
129
107
96
95
116
115
98
103
118
122
116
119
110
98
97
136
184
157
91
176
139
124
114
94
89
102
107
104
100
85
95
107
109
102
92
91
103
117
112
103
99
111
112
115
115
106
112
170
175
97
52
183
150
145
136
120
106
107
117
115
105
93
100
111
108
97
91
91
99
110
114
110
87
92
107
113
117
104
90
158
146
34
22
173
154
156
152
144
134
123
112
101
95
102
108
105
108
100
99
100
110
114
112
118
101
84
92
109
108
72
30
109
134
35
38
146
128
143
150
156
160
150
136
120
104
105
106
102
102
100
101
105
106
105
105
103
93
86
79
88
73
36
13
101
152
69
59
150
136
147
151
167
185
185
176
162
145
137
134
134
131
122
128
132
123
112
113
117
105
93
95
102
93
72
83
145
188
124
99
