0.06636665
-0.031581353
0.20750311
-0.08538756
-0.019192336
0.10552014
0.15912347
0.015251048
-0.21315834
0.16337544
-0.06389073
0.17434183
0.18300909
0.06549784
-0.03086074
0.0028768182
0.18122159
-0.1485819
-0.20623817
-0.053001218
-0.02640735
-0.1564455
-0.054012667
-0.16277638
-0.082685456
-0.20709567
-0.062164366
0.15219626
-0.14701752
0.20027323
0.19444567
-0.07145984
-0.0041585704
0.09429142
0.124321006
0.19289477
0.11286161
-0.103101
-0.17360015
-0.17933996
0.17035234
-0.027371243
-0.10446439
-0.022039425
-0.14146423
-0.14108875
-0.055537697
-0.013033996
-0.23130369
-0.19453439
0.16480286
0.20417036
-0.14870611
0.15525474
-0.13247013
-0.20360303
0.17134492
-0.058073465
-0.09113538
0.065452375
-0.0841568
0.11321632
0.07838336
0.031677395
0.14343752
-0.10366204
0.06910548
-0.02026449
0.18972404
-0.18028013
-0.14080219
-0.15974106
0.14869827
0.008357845
-0.12420013
0.1491077
0.014234734
-0.16546594
0.19218169
-0.010687522
-0.031338252
0.20921357
-0.025843078
-0.20259431
-0.10773288
0.09309052
0.14683609
0.1167229
0.16451858
-0.12883809
0.13293093
0.023291139
-0.1374067
0.087897554
-0.027163716
-0.0353545
0.17955932
-0.2351388
0.16860132
-0.030800782
0.09712889
0.03536734
-0.11395789
-0.052972246
-0.062229626
-0.031485986
0.13024133
-0.080570154
-0.09629304
0.20245087
0.12218904
-0.12063708
-0.069702715
0.07676531
0.053004667
0.034123335
-0.112661496
0.16070805
-0.11282024
0.013294698
-0.055077616
0.16839233
0.13344061
-0.06529818
-0.1733693
-0.12175015
-0.016970474
-0.10089925
-0.16212586
0.054245934
0.13854463
-0.18835424
0.054628704
-0.0033026172
0.13600221
-0.03460675
-0.032470148
0.011693868
0.18272275
-0.081438944
-0.0033783573
0.015453686
-0.2048559
0.20759295
-0.15469965
0.16964145
0.09849543
0.00743765
-0.12527741
0.21349923
-0.019794738
0.16209202
0.040357698
0.19677976
0.19854587
-0.060010865
-0.08002886
-0.069680616
-0.10634475
-0.16747026
0.07907822
-0.18723705
-0.16239285
0.018827667
-0.088792115
0.06487997
0.03823049
0.021226926
-0.07579497
-0.20774955
-0.19531628
0.029934328
0.119502686
0.08059718
-0.046074886
-0.11380371
0.022867186
-0.16414067
0.18787996
0.066482164
-0.054442342
-0.1961393
0.16828935
0.037251387
0.2091144
0.07953426
0.12083062
-0.06319673
0.0016272207
0.015643293
-0.12963349
0.20834468
0.0038668327
0.10442528
-0.1353861
-0.05151321
0.16438237
-0.14853224
-0.026353499
-0.04215392
0.066414796
0.14335075
0.10362246
0.069842726
-0.020967018
0.11734006
-0.10493932
0.19465452
-0.19040117
0.14726388
0.18176118
0.19839905
-0.20985928
0.038661964
0.0031330679
0.09481165
0.13231727
-0.068827115
0.19837797
0.20843028
0.0027574752
-0.118026
-0.07904208
-0.18833825
0.117479965
-0.16198677
-0.03972187
-0.22054179
-0.08284562
0.19198157
0.09989717
-0.0031629396
0.09342169
0.02288673
-0.21263301
-0.079515934
-0.085933514
0.039201852
-0.20265669
0.19986178
-0.13889351
0.012255115
-0.098424084
-0.23695962
0.19283958
0.11078471
-0.15344226
-0.023237972
0.02993371
-0.11599004
0.040973272
-0.011100607
-0.14080487
-0.18986872
0.06245231
-0.15291084
0.1623061
-0.071939535
0.08658488
0.1113083
-0.17942059
-0.21759741
-0.06618818
0.20639206
-0.14443354
-0.090375334
0.11283376
-0.008334537
0.1504134
0.101319514
0.0062259445
0.14693904
0.088029966
0.13607594
0.023298007
0.1987675
0.022700598
-0.20814335
-0.24050835
-0.18744554
0.0041644503
-0.010785186
0.16559844
-0.021648597
0.07809107
0.11981896
0.05401777
-0.073839225
0.18633953
-0.05337507
0.10258385
0.0140209
-0.21999204
0.03865044
-0.124462835
-0.028307473
0.016705187
-0.07312384
-0.10399081
-0.048674095
0.059915237
-0.048477866
0.19689503
-0.18069962
-0.043839704
0.061616182
0.17206727
-0.101891674
-0.012058361
-0.027482556
0.08220085
0.16424492
0.009806928
0.054476738
-0.023014063
-0.18282147
-0.15391922
-0.0011718846
0.11381394
-0.12671424
-0.014242449
-0.15843467
0.07629476
-0.11549631
-0.17084388
0.11218433
-0.039381016
0.16153005
-0.077962205
-0.05404631
0.09439135
0.0076072733
0.18690136
0.07323278
-0.18247707
0.12747306
-0.012296048
0.025325445
-0.14043885
0.046456113
-0.12016912
-0.01636524
-0.14066964
-0.2117451
0.08967923
0.12662323
-0.15369013
-0.022456992
0.10299116
-0.15848932
-0.005789108
0.062597305
0.04626701
-0.1678788
0.028160062
-0.21183604
0.17938271
-0.057376288
0.05543547
0.013298828
-0.03027289
-0.1604915
-0.025905646
-0.013635648
0.17182104
-0.20382774
0.22170603
0.006854302
-0.110070966
-0.014363168
0.040295947
-0.1738169
0.16898026
0.107395664
0.11239322
0.18640882
0.008941693
0.08196852
-0.07126454
-0.2082736
-0.04210071
0.14414327
0.103815354
-0.06699356
0.06489462
-0.1996921
0.17777902
0.11679328
0.09146226
0.0777152
-0.086836144
0.23653339
-0.1708278
0.030351454
0.009054236
-0.060567122
0.1288073
-0.20062865
0.039913476
-0.05454482
0.07757541
0.21835695
0.23302388
-0.1816108
-0.029818403
-0.061340958
0.17228712
-0.22021131
0.08135867
0.21636109
0.1841751
-0.2217651
0.19180419
0.06901951
-0.06654962
-0.19150181
-0.20174542
0.13305545
-0.13323042
0.15637717
0.020992031
0.08051661
0.0036060216
-0.043410894
-0.06006709
0.10609194
-0.052432887
0.09439779
-0.087554336
-0.026324777
-0.09613154
0.15544751
-0.03764969
0.025590863
0.18306795
0.01835635
0.1562677
-0.043509625
0.10546475
0.0024228876
-0.16647604
0.014058361
-0.026602395
-0.12796304
0.01734964
-0.11424817
0.114428036
-0.032414246
-0.12064111
-0.04439894
0.14443801
-0.09241335
-0.010447434
-0.11783501
-0.21473795
-0.06339636
-0.16837026
-0.09606653
-0.107668355
-0.16240674
-0.036326233
-7.910908e-05
-0.04418426
0.21744762
-0.028380254
0.007060845
0.079784766
0.0063654766
0.03381578
-0.020672213
-0.16005717
-0.084010154
0.15311334
-0.03647634
0.15988193
-0.20376308
0.0012866475
0.1439785
0.084179424
0.19902904
-0.012977
-0.20532145
0.10067943
-0.03941334
-0.05045281
-0.021612218
-0.1818444
0.01158329
0.104626834
-0.08481838
-0.007943462
0.08304022
0.12924376
0.058694787
-0.030969774
-0.06434204
-0.12643866
0.13710235
0.1332405
-0.074329965
0.064750746
0.07540856
0.16074973
0.0983818
-0.03662443
-0.08331351
-0.2305074
0.15082401
0.03588831
-0.16248895
-0.13074934
-0.22176932
-0.19306162
0.06770554
0.024351787
-0.18131961
0.15923063
-0.022173023
0.119893186
0.03055934
-0.0041216337
-0.09890165
-0.06825901
-0.19740018
-0.11317157
-0.083253585
-0.018719275
0.16705242
-0.1143017
0.18452677
-0.15184806
0.04860394
0.02430496
-0.02041888
0.14429039
-0.10164042
0.14852962
-0.19373605
0.011155715
-0.12024434
-0.033092372
-0.02185482
0.13767307
0.15848893
-0.189736
0.05992053
0.21474575
-0.03016309
0.072801985
0.21075808
0.13458104
-0.019491235
0.025194675
-0.11615555
-0.058240008
-0.21076836
-0.06416391
-0.05539935
-0.22270279
-0.15185955
0.08103952
-0.0024931994
0.05990869
-0.034181625
0.15019596
0.18466537
0.16973364
0.001889317
0.19495279
-0.22454233
-0.02668607
-0.11640594
0.17743254
-0.2253607
0.029308893
0.1794201
0.009729206
-0.09371227
0.17467825
0.12328992
-0.020519186
-0.09501902
-0.14830726
-0.0044066687
0.19797695
-0.12603883
0.14890382
-0.2233494
0.010808667
-0.15590969
0.22114265
0.030731088
0.18105428
0.025089545
-0.12373476
-0.027657898
0.06693801
0.19173887
0.015782125
-0.0924888
0.088992685
0.009464568
-0.10002678
-0.03968876
-0.07381737
0.055429373
-0.2119787
0.1705262
-0.031007867
0.22001433
-0.19898836
0.10413191
-0.21864116
0.076648936
-0.16309732
-0.16694024
-0.019243697
-0.0752372
-0.20150548
-0.20820534
-0.015996605
0.18369968
0.053420782
-0.14627612
-0.029605336
0.1865558
-0.046311837
-0.062366493
0.06606729
-0.20084861
0.047785416
0.20535801
-0.063421175
-0.17190805
0.105390124
-0.052910224
0.18182112
0.12833415
0.05041178
0.0028385683
-0.22022744
0.018717723
-0.17745468
0.1692816
0.1865803
-0.119493894
0.15639935
-0.005894854
0.015178945
-0.13760522
0.15659103
-0.1593155
0.15604335
-0.03924433
-0.12539457
-0.045952257
-0.12694283
-0.045632556
0.011826934
0.21867074
-0.14829782
0.19836394
-0.03431537
-0.19896075
-0.11826525
-0.11828666
0.08420807
0.010609088
0.13473351
0.1829225
-0.06990375
-0.19208208
-0.09864646
0.19035661
-0.11246917
-0.17357919
0.018095685
0.18104783
-0.15021293
-0.02334573
-0.0052787345
-0.09091319
0.19115259
0.075986356
0.16710253
-0.21181327
0.17911208
0.094188824
0.16370304
0.22656468
0.031444408
0.11094332
0.0008292655
0.023538373
-0.038017932
-0.054438513
0.041657154
0.031212809
0.1374537
-0.02807555
0.08617792
0.2564579
-0.13703471
0.0013913406
-0.06771252
-0.09136431
0.013155303
0.0023039298
0.23425727
-0.054070774
-0.05775319
-0.17727466
-0.037162244
0.050310984
-0.18638253
0.03260283
-0.1628102
-0.03245186
0.062087346
0.021685615
0.008890251
-0.09241552
0.064699635
-0.047306065
-0.031398684
-0.16558993
-0.048343994
0.19930841
0.15308264
-0.188697
0.18686938
0.04788106
-0.00052862853
-0.0054208837
0.14011326
0.03753862
-0.12968086
-0.048376955
0.054024488
-0.058423456
-0.03336074
-0.014531095
0.027847195
0.22598116
0.23620467
-0.12423849
-0.046066336
-0.028603258
-0.12639646
0.06730517
-0.031729396
0.18890281
-0.066482954
-0.16716999
0.07892404
0.007388409
-0.12465176
-0.08478861
0.024684006
-0.17721526
-0.09596801
-0.1579812
0.08151046
0.13378774
-0.14038773
-0.000110027875
0.019691411
-0.027866831
0.032366164
0.18274361
-0.10350535
-0.023988489
-0.06365514
0.16181877
-0.17601
0.08807747
0.00976017
0.09208132
-0.060746852
-0.013410754
-0.054008346
0.07553562
0.16153179
-0.15749197
0.04447348
0.24027984
-0.14767101
0.020588305
0.047799014
0.1659397
-0.1705223
0.17872275
-0.17759845
0.037005857
-0.03157813
-0.031701963
0.21031265
-0.15364166
-0.06385302
-0.095051
0.09854474
0.06727764
-0.053992283
0.01284429
-0.033031296
-0.023744503
-0.17674854
-0.06865664
-0.21787207
0.055081807
0.20465958
-0.16881485
-0.112659715
0.014563579
0.19042392
-0.025272738
-0.13910778
0.020103721
0.09977086
-0.1525409
-0.022286773
-0.071247354
0.18383776
-0.040617414
0.12465934
0.1905755
-0.041885715
0.1630578
0.03500754
-0.10625788
-0.009297624
0.21018688
-0.19813341
-0.107489325
-0.038463082
0.013619249
0.003508934
-0.10252432
0.20970373
0.033246715
-0.07421097
-0.021460503
0.18732284
-0.10485425
0.19003232
0.177209
-0.12714903
-0.008744885
0.109678544
0.13907662
0.123300985
0.056937974
0.018663412
0.094476484
-0.020908894
-0.032021936
0.15688421
-0.014753898
0.200007
0.0064608124
-0.22955272
0.022777868
-0.015317239
-0.12595196
-0.2104556
0.12216226
0.056367368
0.005763784
0.15371603
-0.16174527
-0.085130855
0.0077677914
-0.12389098
-0.13324311
-0.0635111
-0.08980276
0.017218329
0.026316386
-0.013008448
-0.15883084
-0.01285288
0.039067473
-0.17132287
-0.21920198
0.14112328
0.11629513
-0.036127895
0.017288122
0.13503654
-0.08642815
-0.09368214
0.17185585
0.19502419
0.098266594
-0.10518553
-0.03312074
-0.16780095
-0.112062104
0.13110596
-0.042593062
0.09958429
-0.08057847
-0.08534601
0.15865274
-0.031930614
0.036472555
-0.0863417
0.16001835
-0.19284719
-0.029004265
0.18363293
0.22061509
0.06525366
0.05812295
0.03280026
-0.12334344
0.041000564
0.05718152
-0.05254449
0.11311779
-0.05311034
0.09147318
-0.117451325
0.01759224
-0.1970122
0.018832713
-0.0576412
-0.0056074006
-0.09017391
0.055762637
0.147533
0.10690865
0.017757334
0.048537347
0.014351527
0.113506615
0.12140609
-0.010915973
0.055676635
-0.05356303
-0.04364921
0.0017327057
-0.09043485
-0.15186185
-0.19085641
0.1121188
-0.23395073
0.019559192
-0.15968443
0.19143479
0.14592658
0.13015918
-0.16305985
-0.0878027
-0.07189614
0.0654388
-0.222578
-0.04105205
-0.1542813
-0.1261343
-0.06215139
0.04282868
-0.103708625
-0.21275122
-0.024550276
-0.01309808
-0.081479006
0.02963447
-0.18983923
0.064280555
0.22187367
0.047414247
0.015804054
-0.03171096
0.0072293757
0.17008586
0.011377922
0.22273104
0.19121517
-0.009420336
-0.06093798
0.21685523
0.17093429
-0.07851291
-0.005519711
-0.16783774
-0.20749405
-0.20230934
-0.022527874
-0.11826623
0.121662766
-0.02462134
0.024273435
0.08700043
0.114930205
-0.034442354
-0.097222954
0.115940474
0.20035519
-0.10438954
